    192       0
      3       9
     -8       7
     15       6
      4       1
    -17      -2
     11      16
     -4      -3
     -4       8
     12     -31
      6       1
     10       0
     -2      -8
      5      -4
      4     -21
     -2      -8
      2     -22
     16      12
     14       3
      4       9
      1     -12
     -7       2
      3      18
     -5       0
     -4     -12
      4       5
     10      -9
    -18     -10
      6      -8
      1      18
      2      17
      2      32
    -20       0
      1     -31
      2     -15
      3     -16
      4       7
    -15       8
     13      14
      8      -5
     -4      12
      2       3
      2     -11
    -14      -4
      2       8
      7     -10
     10      -7
     10     -12
      2      22
     -4      10
      0      21
     10       5
     -1      12
     11       8
      1      -4
     13      28
     -4      -8
     -2      -1
     14     -21
    -10       2
      2       0
     15     -12
     -4      -9
     10      -8
